1 0.3352519185852519 0.3796100540286587 0.08341675008341673 0.17618040873854834
1 0.05928150372594815 0.2768381489311722 0.03475697920142364 0.06459948320413446
1 0.12045378712045378 0.2636246182757811 0.034756979201423684 0.08515386422363165
1 0.05372038705372037 0.5117453605825698 0.07924591257924592 0.1291989664082686
1 0.19900456011567122 0.5029363401456425 0.20298075853631414 0.12919896640826875
1 0.34984984984984985 0.5807493540051681 0.08480702925147371 0.12038994597134141
1 0.44925481036592146 0.5631313131313131 0.10566121677232793 0.12038994597134141
1 0.5333667000333666 0.8714470284237728 0.07924591257924588 0.1497533474277661
1 0.37626515404293187 0.9580690627202255 0.04587921254587919 0.07047216349541939
1 0.661967523078634 0.8450199671129905 0.05561116672227782 0.16737138830162077
1 0.6077466355244133 0.9287056612638009 0.06117228339450571 0.0763448437867042
1 0.743993993993994 0.5543222926943857 0.06117228339450559 0.0851538642236317
1 0.8301913024135246 0.44274136715997187 0.08063619174730297 0.13800798684519613
1 0.8941441441441441 0.2973925299506695 0.08063619174730284 0.08221752407798913
1 0.9066566566566566 0.6159854357528777 0.06117228339450559 0.09102654451491658
1 0.7787509731954176 0.8743833685694151 0.036147258369480566 0.08515386422363178
1 0.9108274941608275 0.8905332393704488 0.05561116672227782 0.10570824524312897
1 0.9831220108997887 0.9125557904627674 0.03336670003336674 0.12038994597134135
1 0.9650483817150483 0.42805966643175947 0.05839172505839176 0.15562602771905104