1 0.058579718154186285 0.4570045698000098 0.11329096435479413 0.05650827969141557
1 0.36805747444045317 0.44226327944572746 0.05802707930367504 0.04668075278856069
1 0.6699364465321912 0.3145054297086138 0.09533020171318038 0.03685322588570593
1 0.623652942801879 0.3648715050857452 0.060790273556231025 0.03931010761141955
1 0.5338491295938105 0.3059063436686158 0.04973749654600722 0.024568817257137155
1 0.5766786405084278 0.24939806397720013 0.08289582757667864 0.058965161417129396
1 0.620889748549323 0.5307110215714216 0.046974302293451224 0.04668075278856082
1 0.4972368057474441 0.5761633334971255 0.08704061895551256 0.06879268831998421
1 0.4067421939762365 0.6658395164856764 0.1713180436584692 0.12038720455997241
1 0.678226029289859 0.6646110756228196 0.2003315833103067 0.0933615055771215
1 0.7010223818734456 0.855019409365633 0.17960762641613695 0.19409365633138415
1 0.7728654324399005 0.4385779568571569 0.12710693561757389 0.058965161417129326
1 0.7590494611771206 0.5503660753771313 0.14644929538546567 0.11055967765711766